1.0095323e-15
5.7278147e-16
2.3344892e-16
4.1192506e-17
1.624949e-17
5.0212404e-17
5.936769e-17
5.2964712e-17
8.887973e-17
6.378219e-17
4.5741417e-17
3.1793967e-17
3.4862142e-17
2.6528802e-17
3.105367e-17
7.692368e-17
4.8199166e-17
2.9799046e-17
6.3191755e-17
5.7008474e-17
9.6865616e-17
1.1748711e-17
1.33054185e-17
6.989485e-18
1.1024648e-17
1.1337872e-17
6.923937e-18
3.1712674e-18
3.5540497e-18
3.0008012e-18
3.9338998e-18
2.614591e-18
5.904807e-18
2.5449794e-18
3.4147951e-18
9.343228e-18
1.13184695e-17
1.2666901e-17
6.6082285e-18
9.570966e-18
9.711382e-18
9.025626e-18
8.183015e-18
3.360263e-18
1.9469693e-17
1.6535632e-17
2.1892955e-17
3.7270285e-18
1.0037367e-17
6.318859e-18
4.7722366e-18
3.815878e-18
3.0961393e-18
1.7622638e-18
2.0563613e-18
3.6836214e-18
1.1530302e-18
3.1578916e-18
1.3850119e-18
2.1611237e-18
2.3813841e-18
7.570939e-18
1.9708883e-18
1.7710122e-17
5.7063955e-17
1.4781001e-17
9.626885e-17
2.910764e-17
7.1713614e-17
2.0393647e-16
1.5229454e-16
8.0396413e-16
3.5754984e-16
2.8530942e-16
8.2343154e-16
3.998278e-16
1.5035792e-15
1.4052963e-15
3.0673187e-15
1.8176105e-15
1.4412786e-14
4.764022e-15
9.243872e-15
2.5604773e-14
2.9868e-14
2.1314166e-14
1.9208974e-14
3.365594e-14
5.940315e-13
1.634337e-12
2.2744773e-12
3.0424782e-12
1.1073294e-12
4.677114e-14
2.1228196e-14
1.06270575e-14
3.7341373e-14
1.799793e-14
1.50121e-14
2.5269327e-14
7.025664e-15
1.4756037e-14
1.5325513e-14
1.7691006e-14
1.3023398e-14
2.105203e-14
5.170844e-15
1.0383932e-14
5.6240857e-15
1.9553895e-15
1.5129113e-15
1.1726067e-15
5.792813e-16
5.77547e-16
8.302475e-16
5.264245e-16
1.1604008e-15
5.9874673e-16
4.1291017e-16
1.643916e-16
2.5926636e-16
1.302828e-16
1.3115093e-16
7.139861e-17
2.4140206e-16
6.375377e-16
7.429441e-16
8.88757e-16
7.0637667e-16
1.1997139e-15
8.413267e-16
7.565549e-16
9.805423e-16
1.6929331e-15
3.174395e-15
2.5141914e-15
2.2328525e-15
3.3371213e-15
5.270235e-15
1.2337576e-14
1.5534464e-14
6.077797e-14
4.8349793e-14
1.4550595e-13
5.503868e-13
1.2162656e-12
1.7289323e-12
3.5520952e-12
6.3976454e-12
1.4870999e-11
5.1126495e-11
1.2746415e-10
2.7845565e-10
8.334027e-10
2.3827127e-09
5.918568e-09
1.2829895e-08
4.7779714e-08
1.5329788e-07
4.6601872e-07
2.0245718e-06
5.6909985e-06
1.6369211e-05
5.190017e-05
0.00016248321
0.000469279
0.00087912945
0.0020355356
0.004503309
0.00954778
0.020403897
0.033008408
0.05692435
0.07823979
0.10553535
0.123686
0.12781289
0.11685254
0.10145603
0.07439736
0.052848727
0.037121143
0.023284776
0.012309281
0.005877493
0.0026739775
0.0010495896
0.0004342207
0.00012733435
4.707101e-05
1.5642489e-05
5.7480192e-06
1.5930002e-06
6.6691854e-07
2.0797373e-07
5.0528428e-08
1.6922288e-08
3.9370702e-09
1.1483343e-09
2.454458e-10
1.3781241e-10
7.0402593e-11
2.0294053e-11
9.710467e-12
3.921865e-12
3.157835e-12
7.9153416e-13
3.1097594e-13
1.1548843e-13
4.333733e-14
1.7061988e-14
1.9447716e-14
9.766828e-15
2.3483628e-14
1.17915634e-14
1.0142576e-14
3.6524522e-15
1.4204681e-15
5.487625e-15
3.1511097e-15
3.3508725e-15
2.8308063e-15
3.5842127e-15
3.2646083e-15
1.02661655e-14
6.8136906e-15
4.2742722e-15
2.6232864e-15
1.2895132e-15
2.3091152e-15
3.1175126e-15
1.814403e-15
1.3190512e-15
2.7577082e-16
9.981706e-16
1.1868048e-15
9.9763e-16
2.2289547e-15
1.0717839e-15
1.0408872e-15
1.0593418e-15
2.4471034e-15
1.9772093e-15
2.5111626e-15
4.4913587e-15
1.3054954e-15
2.309785e-15
8.7468783e-16
4.330696e-16
6.499186e-16
5.2012476e-16
6.08417e-16
7.236463e-17
1.1275595e-16
1.4496831e-16
7.1418774e-17
4.461233e-17
2.780704e-17
1.3709724e-17
1.2837693e-17
9.82226e-18
1.0040047e-17
6.008878e-18
8.24858e-18
1.5127309e-17
1.0306684e-17
4.9141353e-18
6.5274543e-18
2.2617732e-18
3.78077e-18
4.942599e-18
2.8260981e-18
1.0893085e-18
1.3615747e-18
4.7298994e-18
5.8961605e-19
7.8416856e-19
2.1456805e-18
1.1112382e-18
3.174814e-18
1.3710448e-18
2.5139289e-18
2.2347238e-18
3.6194495e-18
4.138606e-18
7.922481e-18
3.5510008e-18
3.97675e-18
4.239903e-18
2.5448919e-18
4.298531e-18
8.4460575e-18
1.2168867e-17
9.730183e-18
1.11940756e-17
1.2727153e-17
8.374801e-18
1.2879339e-17
1.1387372e-17
2.4495857e-17
1.9083722e-17
5.447446e-18
1.9905192e-17
1.2982185e-17
3.0699028e-17
1.466491e-17
2.3974e-17
5.0211633e-17
2.6804374e-17
7.7207086e-17
4.1200205e-17
9.889903e-17
1.258234e-16
8.568079e-17
6.3194647e-17
6.166179e-17
2.2953436e-16
6.095642e-17
9.306986e-17
1.6060003e-16
1.8258794e-16
1.0503197e-16
6.25471e-17
2.249557e-16
6.166132e-17
1.4530105e-16
1.4769003e-16
7.0264334e-17
1.06316684e-16
1.5532967e-16
5.9832634e-17
3.540412e-17
5.4644948e-17
4.642188e-17
3.4864538e-17
2.300725e-17
8.1615085e-17
1.5745048e-16
1.1860665e-16
4.4951423e-17
1.2271801e-16
1.1975779e-16
1.378814e-16
4.961435e-17
3.7125428e-17
6.8781874e-17
1.1609803e-16
1.5751656e-16
2.3674458e-17
3.6097993e-17
4.5900653e-17
2.2590496e-17
1.0535576e-17
4.021511e-17
4.2196392e-17
4.8594065e-17
9.0934704e-17
6.9597435e-17
1.3142245e-15
4.9441313e-16
