1 14304.235477364788
2 1490.6814633995623
3 1103.686518750833
4 967.6822396829973
5 885.9681975266029
6 828.7771416808887
7 774.9888843654358
8 732.2920078748153
9 694.6530956562583
10 665.9494975198853
11 638.402677143421
12 616.4978891773407
13 596.9450426694976
14 581.071547512647
15 566.2179618480152
16 549.9466738302514
17 539.0262596219874
18 525.1374836964748
19 512.1353071411437
20 500.72893673069234
21 490.67593129927945
22 479.75089195297573
23 469.9620139036914
24 458.31284486056643
25 450.3967030752693
26 441.82361117572157
27 433.05926209364
28 424.489013742392
29 415.8043017070403
30 406.6165602297873
31 399.82271022911897
32 392.6147143611101
33 385.9939904129891
34 379.35584676981904
35 372.04191581218896
36 364.7514444317972
37 358.1296553193061
38 352.17975052590475
39 347.4744239587441
40 340.27069558293806
41 334.3655838083212
42 329.1131555616241
43 324.18280762131
44 318.6068801798517
45 312.8706286688356
